seed 345
2.3 1
2.3 3
4.9 0
6.3 0
7.1 0
9.8 2
9.8 4
11.0 0
11.7 0
12.6 0
13.8 0
14.3 0
15.2 0
16.0 0
16.6 0
19.0 0
19.9 0
20.5 0
21.1 0
21.9 0
23.7 0
24.6 0
25.2 0
25.8 0
26.7 0
28.6 0
29.3 0
30.0 0
30.5 0
31.3 0
33.0 0
33.9 0
34.8 0
35.5 0
37.8 0
38.7 0
39.3 0
39.9 0
40.7 0
42.5 0
43.4 0
44.0 0
44.6 0
45.4 0
47.2 0
48.0 0
48.6 0
49.3 0
50.1 0
51.2 0
51.9 0
52.8 0
53.5 0
54.1 0
56.6 0
57.5 0
58.1 0
58.7 0
59.8 0
60.6 0
61.3 0
62.2 0
62.8 0
63.5 0
64.3 0
66.0 0
66.8 0
67.5 0
68.1 0
69.3 0
69.8 0
70.6 0
71.4 0
72.8 0
73.8 0
74.6 0
75.3 0
76.3 0
77.0 0
77.5 0
78.7 0
79.3 0
80.0 0
81.0 0
81.6 0
82.3 0
83.2 0
84.8 0
85.7 0
86.3 0
86.9 0
88.1 0
88.8 0
89.6 0
90.5 0
91.1 0
91.9 0
92.8 0
94.0 0
96.6 0
99.0 0
99.9 0
100.5 0
101.1 0
101.8 0
103.7 0
104.5 0
105.1 0
105.7 0
106.5 0
108.3 0
109.2 0
110.4 0
111.3 0
113.0 0
113.9 0
115.3 0
117.7 0
118.7 0
119.2 0
119.9 0
120.7 0
122.5 0
123.3 0
124.0 0
124.6 0
125.5 0
127.3 0
128.1 0
128.8 0
129.4 0
131.5 0
132.0 0
132.8 0
135.5 0
136.6 0
138.7 0
139.5 0
141.3 0
142.2 0
142.9 0
143.5 0
144.3 0
146.0 0
146.8 0
147.5 0
148.1 0
149.0 0
150.8 0
151.6 0
152.3 0
152.9 0
155.4 0
156.3 0
157.0 0
157.5 0
158.7 0
159.4 0
160.1 0
161.0 0
161.7 0
162.3 0
163.2 0
164.8 0
165.7 0
166.4 0
167.0 0
168.1 0
169.0 0
169.6 0
170.5 0
171.9 0
172.9 0
174.2 0
175.2 0
175.8 0
176.5 0
177.4 0
178.3 0
179.0 0
179.8 0
180.5 0
181.1 0
183.9 0
184.6 0
185.1 0
185.8 0
186.9 0
188.3 0
189.2 0
190.0 0
190.6 0
191.9 0
193.0 0
195.4 0
