seed 2345
2.2 1
2.2 6
3.6 0
4.2 0
4.8 0
6.8 0
7.7 0
8.1 0
9.0 0
10.1 0
10.9 0
11.5 0
12.7 0
13.5 0
14.2 0
14.7 0
16.1 0
16.9 0
17.5 0
18.1 2
18.1 4
19.4 0
20.2 0
21.7 0
22.7 0
23.5 1
23.5 6
24.8 0
25.1 0
26.9 0
27.3 0
28.1 0
29.0 0
29.8 0
30.2 0
30.9 0
31.5 0
33.5 0
34.3 0
34.7 0
35.6 0
36.4 0
36.8 0
37.6 0
38.2 0
39.2 0
39.7 0
40.1 0
40.9 0
41.4 0
42.6 0
43.5 0
44.2 0
44.7 0
46.0 0
46.8 0
48.4 0
50.0 0
51.4 0
51.8 0
53.5 0
54.2 0
54.7 0
55.1 0
56.3 0
56.8 0
57.5 0
58.1 0
58.5 0
60.2 0
60.8 0
61.4 0
61.8 0
62.7 0
63.5 0
66.9 0
67.5 0
68.0 0
68.5 0
69.7 0
70.2 0
70.8 0
71.3 0
71.8 0
72.7 0
73.5 0
75.9 0
76.8 0
80.2 0
81.0 0
81.4 0
82.3 0
83.1 0
83.5 0
84.2 0
84.8 0
86.8 0
87.6 0
88.1 0
88.9 0
89.8 0
90.2 0
90.9 0
91.5 0
92.7 0
93.5 0
94.8 0
96.0 0
96.8 0
97.5 0
98.1 0
99.3 0
100.1 0
101.8 0
102.6 0
103.5 0
104.7 0
105.2 0
106.8 0
107.7 0
108.1 0
109.0 0
109.7 0
110.2 0
110.9 0
111.4 0
113.3 0
114.3 0
114.7 0
115.6 0
116.4 0
116.8 0
117.5 0
118.1 0
119.3 0
120.1 0
120.8 0
121.4 0
122.6 0
123.4 0
124.1 0
124.7 0
126.0 0
126.8 0
128.4 0
130.1 0
131.5 0
131.9 0
133.4 0
134.1 0
134.7 0
135.1 0
136.4 0
136.8 0
137.7 0
138.1 0
138.5 0
140.1 0
140.8 0
141.4 0
141.8 0
142.7 0
143.5 0
145.2 0
146.8 0
147.5 0
148.1 0
148.5 0
149.7 0
150.2 0
150.9 0
151.4 0
151.8 0
152.6 0
153.5 0
155.9 0
156.8 0
160.1 0
160.6 0
161.0 0
161.4 0
162.2 0
163.1 0
163.5 0
164.2 0
164.8 0
