AASTINKY: 0, 0, 24, 72
BIGDOOR1: 24, 0, 128, 96
BIGDOOR2: 152, 0, 128, 128
BIGDOOR4: 280, 0, 128, 128
BRNBIGC: 408, 0, 128, 128
BRNBIGL: 536, 0, 32, 128
BRNBIGR: 568, 0, 32, 128
BRNPOIS: 600, 0, 64, 128
BRNPOIS2: 664, 0, 64, 128
BRNSMAL1: 728, 0, 64, 64
BRNSMAL2: 728, 64, 64, 64
BRNSMALC: 792, 0, 64, 64
BRNSMALL: 792, 64, 32, 64
BRNSMALR: 824, 64, 32, 64
BROWN1: 856, 0, 128, 128
BROWN144: 984, 0, 128, 128
BROWN96: 1112, 0, 128, 128
BROWNGRN: 1240, 0, 64, 128
BROWNHUG: 1304, 0, 64, 128
BROWNPIP: 1368, 0, 128, 128
COMP2: 1496, 0, 256, 128
COMPSPAN: 1752, 0, 32, 128
COMPSTA1: 1784, 0, 128, 128
COMPSTA2: 1912, 0, 128, 128
COMPTALL: 2040, 0, 256, 128
COMPTILE: 2296, 0, 128, 128
COMPUTE1: 2424, 0, 128, 128
COMPUTE2: 2552, 0, 256, 56
COMPUTE3: 2808, 0, 128, 128
DOOR1: 2552, 56, 64, 72
DOOR3: 2616, 56, 64, 72
DOORBLU: 2936, 0, 8, 128
DOORRED: 2944, 0, 8, 128
DOORSTOP: 2952, 0, 8, 128
DOORTRAK: 2960, 0, 8, 128
DOORYEL: 2968, 0, 8, 128
EXITDOOR: 2680, 56, 128, 72
EXITSIGN: 0, 96, 64, 16
GRAY4: 2976, 0, 64, 128
GRAY5: 3040, 0, 64, 128
GRAY7: 3104, 0, 256, 128
GRAYTALL: 3360, 0, 128, 128
LITE2: 3488, 0, 64, 128
LITE3: 3552, 0, 32, 128
LITE4: 3584, 0, 16, 128
LITE5: 3600, 0, 16, 128
LITEBLU1: 3616, 0, 8, 128
LITEBLU2: 3624, 0, 16, 72
LITEBLU3: 3640, 0, 16, 128
LITEBLU4: 3656, 0, 16, 128
METAL1: 3672, 0, 64, 128
NUKE24: 64, 96, 64, 24
NUKEDGE1: 3736, 0, 128, 128
NUKESLAD: 3864, 0, 64, 128
PIPE2: 3928, 0, 256, 128
PLANET1: 4184, 0, 256, 128
PLAT1: 4440, 0, 128, 128
REDWALL1: 4568, 0, 128, 128
SHAWN2: 4696, 0, 64, 128
SKY1: 4760, 0, 256, 128
SLADPOIS: 5016, 0, 64, 128
SLADRIP1: 5080, 0, 64, 128
SLADRIP2: 5144, 0, 64, 128
SLADRIP3: 5208, 0, 64, 128
SLADWALL: 5272, 0, 64, 128
STARG1: 5336, 0, 64, 128
STARG3: 5400, 0, 128, 128
STARGR1: 5528, 0, 64, 128
STARTAN1: 5592, 0, 64, 128
STARTAN2: 5656, 0, 128, 128
STARTAN3: 5784, 0, 128, 128
STEP1: 0, 112, 32, 8
STEP2: 0, 120, 32, 8
STEP3: 32, 112, 32, 8
STEP4: 5912, 0, 32, 16
STEP5: 5912, 16, 32, 16
STEP6: 5912, 32, 32, 16
STONE: 5944, 0, 256, 128
STONE2: 6200, 0, 128, 128
STONE3: 6328, 0, 128, 128
STONPOIS: 6456, 0, 64, 128
SUPPORT2: 6520, 0, 64, 128
SW1BRCOM: 6584, 0, 128, 128
SW1BRN1: 6712, 0, 64, 128
SW1BRN2: 6776, 0, 64, 128
SW1BRNGN: 6840, 0, 64, 128
SW1BROWN: 6904, 0, 128, 128
SW1COMM: 7032, 0, 64, 72
SW1COMP: 7096, 0, 64, 128
SW1DIRT: 7160, 0, 64, 128
SW1EXIT: 5912, 48, 32, 72
SW1GRAY: 7224, 0, 64, 128
SW1GRAY1: 7288, 0, 64, 128
SW1METAL: 7352, 0, 64, 128
SW1PIPE: 7416, 0, 128, 128
SW1SLAD: 7544, 0, 64, 128
SW1STARG: 7608, 0, 128, 128
SW1STON1: 7736, 0, 64, 128
SW1STON2: 7800, 0, 64, 128
SW1STONE: 7864, 0, 64, 128
SW1STRTN: 7928, 0, 64, 128
SW2BRCOM: 7992, 0, 128, 128
SW2BRN1: 8120, 0, 64, 128
SW2BRN2: 8184, 0, 64, 128
SW2BRNGN: 8248, 0, 64, 128
SW2BROWN: 8312, 0, 128, 128
SW2COMM: 8440, 0, 64, 72
SW2COMP: 8504, 0, 64, 128
SW2DIRT: 8568, 0, 64, 128
SW2EXIT: 8632, 0, 32, 72
SW2GRAY: 8664, 0, 64, 128
SW2GRAY1: 8728, 0, 64, 128
SW2METAL: 8792, 0, 64, 128
SW2PIPE: 8856, 0, 128, 128
SW2SLAD: 8984, 0, 64, 128
SW2STARG: 9048, 0, 128, 128
SW2STON1: 9176, 0, 64, 128
SW2STON2: 9240, 0, 64, 128
SW2STONE: 9304, 0, 64, 128
SW2STRTN: 9368, 0, 64, 128
TEKWALL1: 9432, 0, 128, 128
TEKWALL2: 9560, 0, 128, 128
TEKWALL3: 9688, 0, 128, 112
TEKWALL4: 9816, 0, 128, 128
TEKWALL5: 9944, 0, 128, 128
