seed 234
2.6 0
2.6 0
5.7 0
6.6 0
7.5 0
7.5 0
9.7 0
10.5 0
11.4 0
12.2 0
14.3 0
15.5 0
16.4 0
17.2 0
19.8 0
20.4 0
21.3 0
22.2 0
24.7 0
25.4 0
26.2 0
26.2 0
27.2 0
29.3 0
30.1 0
31.0 0
31.9 0
33.5 0
35.0 0
39.3 0
39.9 0
40.9 0
41.9 0
44.2 0
44.8 0
45.8 0
46.9 0
46.9 0
49.1 0
49.7 0
50.7 0
51.6 0
54.0 0
54.6 0
55.7 0
56.5 0
57.1 0
58.9 0
59.5 0
60.5 0
61.4 0
63.7 0
64.5 0
65.5 0
66.4 0
68.6 0
69.3 0
70.3 0
71.2 0
73.4 0
74.3 0
75.1 0
76.7 0
78.6 0
79.2 0
80.1 0
81.0 0
82.8 0
84.0 0
85.0 0
85.8 0
86.5 0
88.3 0
88.9 0
90.1 0
90.7 0
91.3 0
93.1 0
93.7 0
94.4 0
95.0 0
95.6 0
96.2 0
98.1 0
98.8 0
99.7 0
100.6 0
101.2 0
103.0 0
103.6 0
104.6 0
105.4 0
106.0 0
107.9 0
108.5 0
109.7 0
110.3 0
110.9 0
112.8 0
113.4 0
114.6 0
115.2 0
115.8 0
117.6 0
118.3 0
119.3 0
120.7 0
122.6 0
123.2 0
124.2 0
125.3 0
127.2 0
127.9 0
129.1 0
130.0 0
132.2 0
132.9 0
134.0 0
134.8 0
135.4 0
137.2 0
137.8 0
138.9 0
139.6 0
140.4 0
142.0 0
142.7 0
143.7 0
144.5 0
145.1 0
146.9 0
147.6 0
148.3 0
148.9 0
149.4 0
150.0 0
151.9 0
152.6 0
153.8 0
155.0 0
